tweet_id,favorites,retweets
892420643555336193,37957,8291
892177421306343426,32594,6123
891815181378084864,24538,4054
891689557279858688,41293,8430
891327558926688256,39483,9130
891087950875897856,19843,3039
890971913173991426,11596,2011
890729181411237888,64027,18390
890609185150312448,27249,4176
890240255349198849,31270,7194
890006608113172480,30043,7149
889880896479866881,27245,4853
889665388333682689,47147,9787
889638837579907072,26604,4413
889531135344209921,14811,2193
889278841981685760,24736,5234
888917238123831296,28529,4394
888804989199671297,25055,4179
888554962724278272,19420,3457
888078434458587136,21316,3407
887705289381826560,29566,5258
887517139158093824,45347,11400
887473957103951883,67606,17727
887343217045368832,33000,10158
887101392804085760,29966,5814
886983233522544640,34433,7582
886736880519319552,11819,3197
886680336477933568,21979,4354
886366144734445568,20765,3126
886267009285017600,116,4
886258384151887873,27429,6135
886054160059072513,0,104
885984800019947520,31984,6603
885528943205470208,35251,6271
885518971528720385,20024,3665
885311592912609280,0,18105
885167619883638784,21473,4278
884925521741709313,75863,17814
884876753390489601,27369,5474
884562892145688576,23803,4577
884441805382717440,26459,5522
884247878851493888,71525,20011
884162670584377345,19941,2915
883838122936631299,21460,3369
883482846933004288,44979,9692
883360690899218434,22231,3615
883117836046086144,36406,6505
882992080364220416,23476,3830
882762694511734784,27723,4793
882627270321602560,27375,5939
882268110199369728,44030,11328
882045870035918850,28763,4851
881906580714921986,23825,3315
881666595344535552,49574,10425
881633300179243008,124,7
881536004380872706,48445,15590
881268444196462592,22633,5064
880935762899988482,16691,2719
880872448815771648,20849,3737
880465832366813184,27961,6135
880221127280381952,26507,4118
880095782870896641,27078,4250
879862464715927552,21899,3414
879674319642796034,305,10
879492040517615616,22966,3107
879415818425184262,103786,43308
879376492567855104,16458,3046
879130579576475649,0,6669
879050749262655488,22098,4611
879008229531029506,18604,2639
878776093423087618,19032,4041
878604707211726852,29665,7050
878404777348136964,0,1261
878316110768087041,0,6510
878281511006478336,7587,1261
878057613040115712,41219,6669
877736472329191424,78237,18680
877611172832227328,0,79
877556246731214848,22296,3726
877316821321428993,26864,5077
877201837425926144,26621,5468
876838120628539392,20312,3271
876537666061221889,23083,4551
876484053909872640,18417,2352
876120275196170240,27412,4592
875747767867523072,24739,4215
875144289856114688,21550,4837
875097192612077568,26926,5942
875021211251597312,25017,4635
874680097055178752,27323,4558
874434818259525634,0,14457
874296783580663808,25604,4034
874057562936811520,22285,3893
874012996292530176,33981,10231
873580283840344065,23802,3876
873337748698140672,0,1561
873213775632977920,7114,1561
872967104147763200,26908,5332
872820683541237760,14487,3640
872620804844003328,20475,3640
872486979161796608,40058,8910
872261713294495745,33700,6240
872122724285648897,33906,8027
871879754684805121,37392,11025
871762521631449091,19984,3439
871515927908634625,19926,3420
871166179821445120,0,5639
871102520638267392,20663,5455
871032628920680449,22382,3780
870804317367881728,33210,6153
870726314365509632,118,3
870656317836468226,12264,2622
870374049280663552,81769,26015
870308999962521604,21590,4123
870063196459192321,36259,8289
869772420881756160,41962,9968
869702957897576449,27951,6307
869596645499047938,15818,3121
869227993411051520,20252,3769
868880397819494401,65031,14415
868639477480148993,0,2091
868622495443632128,26524,5281
868552278524837888,10047,2091
867900495410671616,24017,4172
867774946302451713,33738,7327
867421006826221569,16011,2501
867072653475098625,0,121
867051520902168576,32053,7863
866720684873056260,19961,4809
866686824827068416,19220,3478
866450705531457537,121681,35323
866334964761202691,52323,14457
866094527597207552,0,8389
865718153858494464,25552,5633
865359393868664832,26390,5015
865006731092295680,27915,7710
864873206498414592,32215,8742
864279568663928832,14593,3044
864197398364647424,30103,8975
863907417377173506,20585,4166
863553081350529029,15288,4206
863471782782697472,0,2464
863432100342583297,23814,5284
863427515083354112,2263,97
863079547188785154,8766,1113
863062471531167744,8525,2464
862831371563274240,19180,5136
862722525377298433,17071,3553
862457590147678208,20557,4997
862096992088072192,74643,23502
861383897657036800,36183,10817
861288531465048066,17237,4195
861005113778896900,16754,3834
860981674716409858,0,2184
860924035999428608,0,830
860563773140209665,7540,2184
860524505164394496,23711,5352
860276583193509888,18368,3518
860184849394610176,16753,5927
860177593139703809,0,31297
859924526012018688,19639,4144
859851578198683649,15485,3562
859607811541651456,18696,1599
859196978902773760,90490,30663
859074603037188101,34074,13839
858860390427611136,0,8292
858843525470990336,15639,3540
858471635011153920,21668,4931
858107933456039936,15850,2960
857989990357356544,16265,2633
857746408056729600,34574,10848
857393404942143489,5963,1680
857263160327368704,20203,4610
857214891891077121,229,18
857062103051644929,0,176
857029823797047296,19137,4100
856602993587888130,0,10940
856543823941562368,16430,2949
856526610513747968,11977,1931
856330835276025856,0,697
856288084350160898,525,17
856282028240666624,28070,6483
855862651834028034,348,27
855860136149123072,5098,1057
855857698524602368,12004,2167
855851453814013952,46069,18201
855818117272018944,26989,5587
855459453768019968,30363,8446
855245323840757760,0,6156
855138241867124737,0,47
854732716440526848,23212,6300
854482394044301312,29808,7091
854365224396361728,19229,4848
854120357044912130,32548,7738
854010172552949760,16508,3263
853760880890318849,29157,5993
853639147608842240,35549,10513
853299958564483072,15860,3705
852936405516943360,0,2084
852912242202992640,9271,1909
852672615818899456,15262,2244
852553447878664193,16732,3656
852311364735569921,33897,10278
852226086759018497,20483,7077
852189679701164033,11747,1655
851953902622658560,0,10025
851861385021730816,0,23
851591660324737024,16623,3619
851464819735769094,24890,7395
851224888060895234,21240,5969
850753642995093505,31852,9688
850380195714523136,13425,2734
850333567704068097,3535,350
850145622816686080,16798,4011
850019790995546112,21045,5118
849776966551130114,31361,7963
849668094696017920,0,5189
849412302885593088,16354,3293
849336543269576704,11769,1980
849051919805034497,43780,8931
848690551926992896,25991,4534
848324959059550208,25544,4824
848213670039564288,8436,781
848212111729840128,16847,3219
847978865427394560,0,3426
847971574464610304,0,448
847962785489326080,24290,5363
847842811428974592,5653,1412
847617282490613760,7249,445
847606175596138505,19420,3571
847251039262605312,21149,4517
847157206088847362,20628,6166
847116187444137987,22147,3373
846874817362120707,20769,4135
846514051647705089,46212,12229
846505985330044928,14601,3251
846153765933735936,32820,9573
846139713627017216,32001,10426
846042936437604353,16572,3059
845812042753855489,30367,9231
845677943972139009,26036,5049
845397057150107648,7917,1908
845306882940190720,24184,5695
845098359547420673,0,8093
844979544864018432,14129,2725
844973813909606400,15680,3399
844704788403113984,40202,10939
844580511645339650,17115,3327
844223788422217728,14159,2330
843981021012017153,15729,3100
843856843873095681,22252,4907
843604394117681152,17549,2920
843235543001513987,22362,6413
842846295480000512,15826,3817
842765311967449089,7012,1353
842535590457499648,18819,3718
842163532590374912,25470,6156
842115215311396866,14575,3219
841833993020538882,0,16279
841680585030541313,26695,8237
841439858740625411,13146,3905
841320156043304961,20592,5785
841314665196081154,16490,4990
841077006473256960,23831,5639
840761248237133825,0,1864
840728873075638272,0,17188
840698636975636481,186,2
840696689258311684,12816,1041
840632337062862849,9354,1864
840370681858686976,17163,4835
840268004936019968,20103,6107
839990271299457024,13998,2443
839549326359670784,28725,8291
839290600511926273,0,152
839239871831150596,28400,6971
838952994649550848,20479,4235
838921590096166913,11665,2215
838916489579200512,0,36
838831947270979586,0,11787
838561493054533637,11407,1410
838476387338051585,23590,5131
838201503651401729,0,10762
838150277551247360,1755,354
838085839343206401,147,0
838083903487373313,18426,3369
837820167694528512,35756,8388
837482249356513284,4009,470
837471256429613056,13368,2448
837366284874571778,22113,5657
837110210464448512,16758,2552
836989968035819520,13309,2458
836753516572119041,20116,4931
836677758902222849,13202,2374
836648853927522308,0,584
836397794269200385,0,29568
836380477523124226,15422,3168
836260088725786625,22247,4591
836001077879255040,19990,4588
835685285446955009,0,8714
835574547218894849,18641,3876
835536468978302976,0,1823
835309094223372289,0,22508
835297930240217089,17201,3212
835264098648616962,8106,1823
835246439529840640,2192,78
835172783151792128,27376,6142
835152434251116546,23534,3232
834931633769889797,11339,1766
834786237630337024,22212,5884
834574053763584002,14334,2714
834477809192075265,0,11437
834458053273591808,10050,1797
834209720923721728,21605,5126
834167344700198914,16523,3897
834089966724603904,10534,2278
834086379323871233,13698,2377
833863086058651648,14061,2578
833826103416520705,18866,4003
833732339549220864,0,231
833722901757046785,21726,3446
833479644947025920,15585,2217
833124694597443584,21189,5189
832998151111966721,13952,2379
832769181346996225,0,40
832757312314028032,17660,3884
832682457690300417,12464,3150
832645525019123713,3066,556
832636094638288896,16628,2994
832397543355072512,12531,2387
832369877331693569,18032,3426
832273440279240704,11873,2507
832215909146226688,0,6655
832215726631055365,0,10083
832088576586297345,70,2
832040443403784192,0,10441
832032802820481025,18716,4980
831939777352105988,25198,6586
831926988323639298,359,35
831911600680497154,29071,7016
831670449226514432,10982,1948
831650051525054464,7556,2084
831552930092285952,9453,2467
831322785565769729,9683,1643
831315979191906304,6864,1198
831309418084069378,12330,2624
831262627380748289,12531,2203
830956169170665475,8373,1609
830583320585068544,70350,18105
830173239259324417,0,6140
830097400375152640,10340,3228
829878982036299777,0,5408
829861396166877184,12869,2104
829501995190984704,33416,11437
829449946868879360,11010,2188
829374341691346946,36439,10025
829141528400556032,25779,7987
829011960981237760,55793,17500
828801551087042563,0,3665
828770345708580865,26913,6326
828708714936930305,38556,12111
828650029636317184,10003,1453
828409743546925057,6627,1241
828408677031882754,8065,1385
828381636999917570,13295,2404
828376505180889089,7774,1147
828372645993398273,13218,3178
828361771580813312,2312,183
828046555563323392,12393,3088
828011680017821696,10913,2315
827933404142436356,21226,5636
827653905312006145,16239,3243
827600520311402496,7805,1023
827324948884643840,16726,3310
827199976799354881,11143,2422
826958653328592898,22760,5408
826848821049180160,38467,11033
826615380357632002,0,4273
826598799820865537,5389,272
826598365270007810,10630,2537
826476773533745153,19437,4533
826240494070030336,14021,2801
826204788643753985,5156,1008
826115272272650244,16530,3397
825876512159186944,11052,2024
825829644528148480,13449,2691
825535076884762624,55008,18593
825147591692263424,19340,4949
825120256414846976,0,1382
825026590719483904,6707,1382
824796380199809024,0,5950
824775126675836928,15833,3808
824663926340194305,10655,1882
824325613288833024,12460,11243
824297048279236611,15916,4192
824025158776213504,5045,639
823939628516474880,11250,2935
823719002937630720,0,12146
823699002998870016,13309,2616
823581115634085888,13794,2865
823333489516937216,736,27
823322678127919110,16655,4354
823269594223824897,0,10677
822975315408461824,18284,3729
822872901745569793,140072,47540
822859134160621569,13998,2480
822647212903690241,0,6952
822610361945911296,15641,3224
822489057087389700,19224,6952
822462944365645825,30138,15887
822244816520155136,37076,10677
822163064745328640,0,5214
821886076407029760,12014,2540
821813639212650496,0,3629
821765923262631936,8915,1809
821522889702862852,8501,1926
821421320206483457,0,6068
821407182352777218,12467,4714
821153421864615936,268,10
821149554670182400,9237,2189
821107785811234820,10157,2309
821044531881721856,13429,2487
820837357901512704,0,7284
820749716845686786,33448,10762
820690176645140481,12938,3495
820494788566847489,0,613
820446719150292993,0,2809
820314633777061888,3537,613
820078625395449857,21010,6839
820013781606658049,0,1284
819952236453363712,5638,1284
819924195358416896,13643,5259
819711362133872643,14269,3402
819588359383371776,10150,2141
819347104292290561,7654,1314
819238181065359361,2420,438
819227688460238848,24487,7284
819015337530290176,0,39937
819015331746349057,0,20585
819006400881917954,47934,20585
819004803107983360,91975,39937
818646164899774465,0,22702
818627210458333184,23548,8105
818614493328580609,10472,2812
818588835076603904,0,6681
818536468981415936,11583,2695
818307523543449600,0,8843
818259473185828864,11710,2487
818145370475810820,13040,2826
817908911860748288,5140,859
817827839487737858,55042,29568
817777686764523521,11363,2910
817536400337801217,12534,3303
817502432452313088,0,3695
817423860136083457,36320,16279
817415592588222464,5964,1047
817181837579653120,0,9259
817171292965273600,9268,2194
817120970343411712,12929,2854
817056546584727552,9116,1801
816829038950027264,0,5139
816816676327063552,10625,2214
816697700272001025,10423,2403
816450570814898180,32498,8843
816336735214911488,9139,2128
816091915477250048,9484,2353
816062466425819140,0,1133
816014286006976512,0,5789
815990720817401858,5316,1133
815966073409433600,23862,9259
815745968457060357,0,4503
815736392542261248,10463,2480
815639385530101762,8737,1792
815390420867969024,11014,4154
814986499976527872,8127,1409
814638523311648768,11994,2954
814578408554463233,0,6322
814530161257443328,9211,2027
814153002265309185,30626,9465
813944609378369540,0,3485
813910438903693312,9897,2049
813812741911748608,38710,15288
813800681631023104,8882,1918
813217897535406080,19877,7972
813202720496779264,9786,1961
813187593374461952,21116,4772
813172488309972993,9929,2088
813157409116065792,8265,2421
813142292504645637,8978,2573
813130366689148928,4755,485
813127251579564032,12628,3413
813112105746448384,10992,3011
813096984823349248,11220,3931
813081950185472002,10520,3023
813066809284972545,8483,2120
813051746834595840,22324,8007
812781120811126785,8084,2087
812709060537683968,7056,1559
812503143955202048,6468,1330
812466873996607488,8512,2106
812372279581671427,14595,4007
811985624773361665,7735,1536
811744202451197953,8042,1753
811647686436880384,5941,810
811627233043480576,13628,3409
811386762094317568,22281,6985
810984652412424192,5677,1563
810896069567610880,9644,1954
810657578271330305,11689,2893
810284430598270976,37771,12445
810254108431155201,15649,3665
809920764300447744,16516,4273
809808892968534016,0,5353
809448704142938112,7388,1605
809220051211603969,21240,6140
809084759137812480,14089,3832
808838249661788160,10772,3325
808733504066486276,8437,2372
808501579447930884,12023,2848
808344865868283904,45319,22702
808134635716833280,0,6504
808106460588765185,9321,2402
808001312164028416,13413,3868
807621403335917568,15540,4019
807106840509214720,126746,60782
807059379405148160,0,8017
807010152071229440,13926,4188
806629075125202948,80173,38112
806620845233815552,0,6035
806576416489959424,5169,2099
806542213899489280,10901,2584
806242860592926720,0,12764
806219024703037440,6856,1305
805958939288408065,0,5884
805932879469572096,8823,2090
805826884734976000,7024,2004
805823200554876929,0,8796
805520635690676224,6124,1800
805487436403003392,9355,2774
805207613751304193,8327,1864
804738756058218496,14650,4206
804475857670639616,6553,2201
804413760345620481,0,3528
804026241225523202,47626,17756
803773340896923648,10726,3033
803692223237865472,0,8139
803638050916102144,11714,4520
803380650405482500,8277,2029
803321560782307329,0,5808
803276597545603072,10711,2697
802952499103731712,9648,2201
802624713319034886,0,3202
802600418706604034,7603,1610
802572683846291456,9543,2737
802323869084381190,17333,6376
802265048156610565,7044,1494
802239329049477120,9683,2850
802185808107208704,0,290
801958328846974976,8239,1868
801854953262350336,1878,256
801538201127157760,8753,2243
801285448605831168,6466,915
801167903437357056,26182,6504
801127390143516673,0,4344
801115127852503040,8628,2286
800859414831898624,736,105
800855607700029440,0,1778
800751577355128832,11219,3038
800513324630806528,14038,3293
800459316964663297,10109,2359
800443802682937345,0,4723
800388270626521089,11901,3075
800188575492947969,0,4314
800141422401830912,16361,2809
800018252395122689,30334,14418
799774291445383169,0,5126
799757965289017345,8987,2368
799422933579902976,8597,2097
799308762079035393,0,6040
799297110730567681,10592,3031
799063482566066176,8630,2697
798933969379225600,14060,4902
798925684722855936,7953,1565
798705661114773508,0,7220
798701998996647937,0,8545
798697898615730177,0,7128
798694562394996736,0,5434
798686750113755136,0,2537
798682547630837760,0,5168
798673117451325440,0,6062
798665375516884993,0,4258
798644042770751489,0,2028
798628517273620480,0,2152
798585098161549313,0,6250
798576900688019456,0,6399
798340744599797760,0,3676
798209839306514432,11085,2800
797971864723324932,12449,3441
797545162159308800,15497,5317
797236660651966464,21341,7257
797165961484890113,246,29
796904159865868288,0,9713
796865951799083009,8193,2087
796759840936919040,12677,3353
796563435802726400,0,7989
796484825502875648,8098,1929
796387464403357696,11757,4566
796177847564038144,0,15693
796149749086875649,34571,15693
796125600683540480,5282,1954
796116448414461957,9724,2652
796080075804475393,9037,2538
796031486298386433,11552,4025
795464331001561088,53233,26089
795400264262053889,10797,3145
795076730285391872,17360,5950
794983741416415232,0,3690
794926597468000259,10996,2523
794355576146903043,0,11260
794332329137291264,10242,2904
794205286408003585,9840,3628
793962221541933056,17976,5353
793845145112371200,9845,2056
793614319594401792,0,3418
793601777308463104,8519,1789
793500921481273345,11431,2605
793286476301799424,26296,10083
793271401113350145,9242,2593
793256262322548741,21365,9144
793241302385262592,11238,3588
793226087023144960,10510,3132
793210959003287553,9541,3079
793195938047070209,16329,6162
793180763617361921,7406,2183
793165685325201412,10052,3041
793150605191548928,6601,1869
793135492858580992,6921,2733
793120401413079041,13570,4280
792913359805018113,15318,4396
792883833364439040,12088,4684
792773781206999040,7846,1837
792394556390137856,14378,4694
792050063153438720,7663,1975
791821351946420224,0,23004
791784077045166082,0,10537
791780927877898241,0,4167
791774931465953280,48272,24320
791672322847637504,12576,3418
791406955684368384,14012,4503
791312159183634433,9397,2781
791026214425268224,0,4499
790987426131050500,10563,2339
790946055508652032,17738,5139
790723298204217344,0,2534
790698755171364864,8752,2086
790581949425475584,22080,7869
790337589677002753,8352,2043
790277117346975746,13407,3485
790227638568808452,0,3909
789986466051088384,9872,2534
789960241177853952,0,4527
789903600034189313,11108,4513
789628658055020548,8029,1949
789599242079838210,7232,2118
789530877013393408,12562,3690
789314372632018944,9199,2520
789280767834746880,0,5408
789268448748703744,9745,2823
789137962068021249,10368,3059
788908386943430656,29278,13538
788765914992902144,29293,11260
788552643979468800,0,7870
788412144018661376,16653,5792
788178268662984705,7716,2310
788150585577050112,6563,1426
788070120937619456,0,3737
788039637453406209,6558,1447
787810552592695296,9263,3341
787717603741622272,10902,3037
787397959788929025,11583,3099
787322443945877504,8321,1908
787111942498508800,0,7345
786963064373534720,28378,8714
786729988674449408,0,2638
786709082849828864,19391,6655
786664955043049472,11375,2794
786595970293370880,10042,3381
786363235746385920,11638,3821
786286427768250368,8491,3120
786233965241827333,16328,5214
786051337297522688,1537,169
786036967502913536,0,7716
785927819176054784,12114,3456
785872687017132033,7123,1991
785639753186217984,8334,2419
785533386513321988,9711,2187
785515384317313025,6507,1370
785264754247995392,7751,1782
785170936622350336,12901,5302
784826020293709826,10807,3528
784517518371221505,9561,2770
784431430411685888,6066,1396
784183165795655680,21449,8796
784057939640352768,31854,12146
783839966405230592,32036,11787
783821107061198850,7841,2132
783695101801398276,11130,3515
783466772167098368,9007,2456
783391753726550016,17965,6001
783347506784731136,0,6100
783334639985389568,31126,12764
783085703974514689,8659,2420
782969140009107456,25700,8017
782747134529531904,7946,1519
782722598790725632,18408,5884
782598640137187329,8280,2040
782305867769217024,17754,6068
782021823840026624,0,6801
781955203444699136,11830,3663
781661882474196992,11108,2951
781655249211752448,4263,1220
781524693396357120,22084,6035
781308096455073793,7580,2770
781251288990355457,8977,2286
781163403222056960,10396,2978
780931614150983680,23027,7989
780858289093574656,7657,2179
780800785462489090,5849,1414
780601303617732608,12865,3629
780543529827336192,6711,1885
780496263422808064,0,4037
780476555013349377,0,126
780459368902959104,5625,1163
780192070812196864,9257,2433
780092040432480260,0,2506
780074436359819264,13022,5424
779834332596887552,20182,7716
779377524342161408,9381,3384
779124354206535695,0,20029
779123168116150273,12548,3963
779056095788752897,15724,4918
778990705243029504,21280,7895
778774459159379968,0,10848
778764940568104960,912,399
778748913645780993,7331,1445
778650543019483137,6127,1623
778624900596654080,4935,1096
778408200802557953,14512,4722
778396591732486144,0,13303
778383385161035776,6211,1203
778286810187399168,11049,3588
778039087836069888,8998,2860
778027034220126208,6956,1761
777953400541634568,0,3828
777885040357281792,6761,1782
777684233540206592,11921,3202
777641927919427584,0,4618
777621514455814149,9311,2706
777189768882946048,15227,4698
776819012571455488,0,14932
776813020089548800,5177,1317
776477788987613185,9388,3033
776249906839351296,0,9924
776218204058357768,31884,17334
776201521193218049,10190,2734
776113305656188928,12466,4723
776088319444877312,1939,165
775898661951791106,0,17825
775842724423557120,12437,2901
775733305207554048,14699,4344
775729183532220416,13722,4959
775364825476165632,7875,3225
775350846108426240,10775,4233
775085132600442880,16497,5126
774757898236878852,9071,1919
774639387460112384,7124,1874
774314403806253056,23103,6040
773985732834758656,11384,4199
773922284943896577,6781,1874
773704687002451968,6996,1762
773670353721753600,5634,1402
773547596996571136,23437,6681
773336787167145985,0,5520
773308824254029826,24656,8093
773247561583001600,9987,3487
773191612633579521,10587,4449
772877495989305348,9094,4196
772826264096874500,8470,2527
772615324260794368,0,3650
772581559778025472,6863,1827
772193107915964416,6372,1497
772152991789019136,4001,1212
772117678702071809,3981,796
772114945936949249,2878,511
772102971039580160,4242,1005
771908950375665664,6969,2049
771770456517009408,12712,3676
771500966810099713,8776,2842
771380798096281600,11143,5520
771171053431250945,0,8180
771136648247640064,9718,3178
771102124360998913,6608,1554
771014301343748096,7277,1794
771004394259247104,0,236
770787852854652928,5243,1318
770772759874076672,5494,1528
770655142660169732,7754,1884
770414278348247044,6661,2233
770293558247038976,6605,1608
770093767776997377,0,3281
770069151037685760,8038,2488
769940425801170949,33295,10441
769695466921623552,6762,1790
769335591808995329,0,8314
769212283578875904,5710,1851
768970937022709760,15252,7073
768909767477751808,0,2913
768855141948723200,4438,960
768609597686943744,4351,1310
768596291618299904,5306,1380
768554158521745409,0,6297
768473857036525572,14446,3707
768193404517830656,11535,3828
767884188863397888,5027,1516
767754930266464257,16954,5808
767500508068192258,7914,2520
767191397493538821,12980,4111
767122157629476866,10717,3074
766864461642756096,0,6101
766793450729734144,5364,1467
766714921925144576,2758,419
766693177336135680,4259,854
766423258543644672,6366,1726
766313316352462849,7175,2030
766078092750233600,0,2808
766069199026450432,4519,928
766008592277377025,3963,532
765719909049503744,7656,2320
765669560888528897,5495,1316
765395769549590528,27963,3669
765371061932261376,7504,2331
765222098633691136,12292,3650
764857477905154048,6794,1910
764259802650378240,6394,1635
763956972077010945,784,58
763837565564780549,13320,4499
763183847194451968,5709,1586
763167063695355904,0,3251
763103485927849985,7781,2460
762699858130116608,12857,3909
762471784394268675,11917,6986
762464539388485633,10890,4527
762316489655476224,5093,1215
762035686371364864,33805,16828
761976711479193600,5702,2178
761750502866649088,0,4238
761745352076779520,4490,927
761672994376806400,52382,31297
761599872357261312,4364,1267
761371037149827077,0,19357
761334018830917632,5491,1563
761292947749015552,4713,1183
761227390836215808,5607,1676
761004547850530816,11948,3737
760893934457552897,4034,1051
760656994973933572,6971,2074
760641137271070720,5229,1390
760539183865880579,8004,3910
760521673607086080,4466,1507
760290219849637889,28332,12373
760252756032651264,4156,932
760190180481531904,6017,1947
760153949710192640,0,34
759943073749200896,6265,2251
759923798737051648,15498,6101
759846353224826880,7088,2136
759793422261743616,6292,2045
759566828574212096,0,22736
759557299618865152,4959,1264
759447681597108224,8957,2638
759446261539934208,1760,522
759197388317847553,6380,2097
759159934323924993,0,1247
759099523532779520,15324,4492
759047813560868866,6868,2175
758854675097526272,3744,961
758828659922702336,11783,4128
758740312047005698,6045,1728
758474966123810816,4031,1069
758467244762497024,5071,2397
758405701903519748,5486,2078
758355060040593408,3621,1167
758099635764359168,20243,10848
758041019896193024,2856,403
757741869644341248,7266,3501
757729163776290825,0,8719
757725642876129280,4786,1308
757611664640446465,4803,1201
757597904299253760,0,314
757596066325864448,4587,1139
757400162377592832,15969,7356
757393109802180609,6146,1881
757354760399941633,4759,1531
756998049151549440,6612,2132
756939218950160384,7013,2163
756651752796094464,5336,1406
756526248105566208,10964,3885
756303284449767430,4160,1163
756288534030475264,45144,18792
756275833623502848,6774,1635
755955933503782912,7729,3107
755206590534418437,17350,5792
755110668769038337,22369,11917
754874841593970688,0,8602
754856583969079297,7242,2716
754747087846248448,2709,560
754482103782404096,5583,2096
754449512966619136,3946,789
754120377874386944,8253,2513
753655901052166144,6152,2332
753420520834629632,8355,3832
753398408988139520,6084,2065
753375668877008896,8034,2506
753298634498793472,0,6184
753294487569522689,3570,1119
753039830821511168,39102,22508
753026973505581056,4099,1049
752932432744185856,13304,7345
752917284578922496,7260,1692
752701944171524096,0,3108
752682090207055872,6292,1723
752660715232722944,4637,1693
752568224206688256,5809,2455
752519690950500352,7758,3703
752334515931054080,4015,1182
752309394570878976,0,17942
752173152931807232,6260,1981
751950017322246144,3233,999
751937170840121344,5483,1445
751830394383790080,6105,2103
751793661361422336,6174,3124
751598357617971201,8308,3266
751583847268179968,4631,1193
751538714308972544,5302,1356
751456908746354688,3367,1073
751251247299190784,13140,6302
751205363882532864,6634,1965
751132876104687617,5338,1397
750868782890057730,5021,1484
750719632563142656,13888,5408
750506206503038976,4670,1233
750429297815552001,13858,4618
750383411068534784,4785,1220
750381685133418496,726,30
750147208377409536,3260,1032
750132105863102464,3818,1366
750117059602808832,4559,1392
750101899009982464,3190,903
750086836815486976,2284,583
750071704093859840,8267,3581
750056684286914561,3299,957
750041628174217216,3337,664
750026558547456000,2847,842
750011400160841729,3408,972
749996283729883136,3193,867
749981277374128128,5364,2623
749774190421639168,4886,1404
749417653287129088,6403,1780
749403093750648834,2757,582
749395845976588288,9042,3712
749317047558017024,5755,2368
749075273010798592,6044,2217
749064354620928000,5028,1622
749036806121881602,3257,838
748977405889503236,11263,3639
748932637671223296,6133,2417
748705597323898880,2902,1014
748699167502000129,4964,1708
748692773788876800,4445,1422
748575535303884801,6364,2122
748568946752774144,2288,718
748346686624440324,5487,1327
748337862848962560,8062,4400
748324050481647620,3880,819
748307329658011649,3843,760
748220828303695873,14840,8339
747963614829678593,6060,2290
747933425676525569,6939,2723
747885874273214464,3092,1050
747844099428986880,2948,801
747816857231626240,5080,1242
747651430853525504,1446,165
747648653817413632,13516,6242
747600769478692864,2432,586
747594051852075008,3872,1122
747512671126323200,5811,1693
747461612269887489,4045,1098
747439450712596480,5685,2058
747242308580548608,0,3074
747219827526344708,5530,1687
747204161125646336,3535,982
747103485104099331,10033,4255
746906459439529985,3020,315
746872823977771008,6281,2294
746818907684614144,5559,1842
746790600704425984,5108,1696
746757706116112384,10025,4167
746726898085036033,6322,1913
746542875601690625,5276,1994
746521445350707200,0,1048
746507379341139972,4856,1150
746369468511756288,6461,1752
746131877086527488,7237,2350
746056683365994496,3713,868
745789745784041472,4216,1136
745712589599014916,7313,2474
745433870967832576,7419,2703
745422732645535745,8977,2588
745314880350101504,7513,2958
745074613265149952,8203,3761
745057283344719872,7558,2424
744995568523612160,3108,660
744971049620602880,8246,2874
744709971296780288,5845,1664
744334592493166593,7073,2276
744234799360020481,163901,83356
744223424764059648,1762,395
743980027717509120,4353,1156
743895849529389061,3813,1017
743835915802583040,0,2217
743609206067040256,4681,1470
743595368194129920,19299,7004
743545585370791937,3682,993
743510151680958465,8272,3938
743253157753532416,4421,1299
743222593470234624,6476,2026
743210557239623680,4017,1454
742534281772302336,7366,3780
742528092657332225,4624,2122
742465774154047488,7592,4141
742423170473463808,10276,4037
742385895052087300,7115,2116
742161199639494656,4536,1464
742150209887731712,5362,1658
741793263812808706,4766,1603
741743634094141440,8543,2939
741438259667034112,3835,886
741303864243200000,9159,3444
741099773336379392,10480,5905
741067306818797568,9870,3281
740995100998766593,6689,2947
740711788199743490,3556,992
740699697422163968,2959,829
740676976021798912,18968,7220
740373189193256964,36372,14141
740365076218183684,2586,462
740359016048689152,3443,909
740214038584557568,6991,2091
739979191639244800,20845,6297
739932936087216128,4232,1146
739844404073074688,3961,908
739623569819336705,3972,1447
739606147276148736,5607,1759
739544079319588864,41440,22736
739485634323156992,7497,3126
739238157791694849,121088,61722
738891149612572673,112,6
738885046782832640,3933,1212
738883359779196928,3474,859
738537504001953792,5318,1659
738402415918125056,3391,892
738184450748633089,4493,1283
738166403467907072,9182,3610
738156290900254721,2640,696
737826014890496000,5499,1867
737800304142471168,10427,3677
737678689543020544,5259,1415
737445876994609152,10730,4740
737322739594330112,3764,859
737310737551491075,15316,7881
736736130620620800,4492,1840
736392552031657984,18523,7870
736365877722001409,4161,1326
736225175608430592,8483,2933
736010884653420544,8228,3157
735991953473572864,3749,1222
735648611367784448,4177,1169
735635087207878657,6441,2490
735274964362878976,13566,5390
735256018284875776,3484,941
735137028879360001,3260,1028
734912297295085568,2849,547
734787690684657664,13091,6679
734776360183431168,2616,578
734559631394082816,1560,418
733828123016450049,3739,823
733822306246479872,3817,1067
733482008106668032,3279,1005
733460102733135873,4382,1357
733109485275860992,51344,17825
732732193018155009,2541,566
732726085725589504,3676,935
732585889486888962,3835,818
732375214819057664,8432,2679
732005617171337216,15560,5789
731285275100512256,3630,1042
731156023742988288,3995,1349
730924654643314689,6383,2099
730573383004487680,5122,2284
730427201120833536,3608,1106
730211855403241472,3988,1120
730196704625098752,5092,2038
729854734790754305,4204,1196
729838605770891264,1775,408
729823566028484608,4150,1314
729463711119904772,6041,2451
729113531270991872,1961,348
728986383096946689,3284,865
728760639972315136,4867,1808
728751179681943552,2887,717
728653952833728512,3443,1099
728409960103686147,5108,2120
728387165835677696,3819,1015
728046963732717569,4479,1247
728035342121635841,4736,1766
728015554473250816,4261,1161
727685679342333952,3045,669
727644517743104000,6139,1851
727524757080539137,4651,1290
727314416056803329,3465,796
727286334147182592,3167,865
727175381690781696,4030,1459
727155742655025152,3795,1401
726935089318363137,7162,2595
726887082820554753,3994,1594
726828223124897792,3697,1062
726224900189511680,4590,1216
725842289046749185,7341,2808
725786712245440512,4330,1436
725729321944506368,5396,1884
725458796924002305,1464,657
724983749226668032,3865,1377
724771698126512129,2468,678
724405726123311104,5509,1743
724049859469295616,4493,1867
724046343203856385,2769,593
724004602748780546,4354,1665
723912936180330496,4056,1296
723688335806480385,8007,3157
723673163800948736,3146,941
723179728551723008,5499,1984
722974582966214656,4270,1660
722613351520608256,5163,1730
721503162398597120,4839,1978
721001180231503872,2627,652
720785406564900865,3239,813
720775346191278080,2577,714
720415127506415616,4294,1584
720389942216527872,6654,2660
720340705894408192,2978,1032
720059472081784833,4044,1189
720043174954147842,5103,2121
719991154352222208,5018,1847
719704490224398336,4739,1530
719551379208073216,5255,2035
719367763014393856,2905,782
719339463458033665,4587,1321
719332531645071360,3548,1007
718971898235854848,3627,1158
718939241951195136,5447,1865
718631497683582976,19643,8545
718613305783398402,2535,508
718540630683709445,2579,1071
718460005985447936,2802,556
718454725339934721,5059,1594
718246886998687744,2009,528
718234618122661888,4035,1064
717841801130979328,2547,625
717790033953034240,3001,1193
717537687239008257,5980,1942
717428917016076293,1674,479
717421804990701568,3269,888
717047459982213120,6520,2021
717009362452090881,3401,1029
716802964044845056,4451,1246
716791146589110272,6226,1517
716730379797970944,1282,454
716447146686459905,13626,6241
716439118184652801,2462,223
716285507865542656,2889,1147
716080869887381504,6992,2030
715928423106027520,3315,923
715758151270801409,3877,1506
715733265223708672,4856,1786
715704790270025728,2901,599
715696743237730304,4055,1357
715680795826982913,4499,1714
715360349751484417,5685,1664
715342466308784130,3151,721
715220193576927233,2511,692
715200624753819648,5327,1994
715009755312439296,4331,1311
714982300363173890,3908,1093
714962719905021952,7660,4521
714957620017307648,4303,1501
714631576617938945,3398,1061
714606013974974464,3774,977
714485234495041536,2825,1223
714258258790387713,3141,757
714251586676113411,3395,886
714214115368108032,2362,929
714141408463036416,4482,1486
713919462244790272,3412,819
713909862279876608,1992,571
713900603437621249,2955,780
713761197720473600,5080,1457
713411074226274305,4588,1369
713177543487135744,7496,2994
713175907180089344,4636,1539
712809025985978368,19341,7128
712717840512598017,12866,5291
712668654853337088,4322,1285
712438159032893441,5543,1658
712309440758808576,254,25
712097430750289920,3950,1098
712092745624633345,3062,947
712085617388212225,3383,509
712065007010385924,2352,662
711998809858043904,0,132
711968124745228288,8389,2446
711743778164514816,2958,1040
711732680602345472,9255,4368
711694788429553666,34198,19357
711652651650457602,4027,975
711363825979756544,3808,1200
711306686208872448,3448,773
711008018775851008,3119,651
710997087345876993,4741,1468
710844581445812225,2658,732
710833117892898816,2802,569
710658690886586372,2403,597
710609963652087808,4986,2491
710588934686908417,4735,1986
710296729921429505,2467,781
710283270106132480,2225,545
710272297844797440,4719,1330
710269109699739648,2492,1194
710153181850935296,3034,946
710140971284037632,2881,941
710117014656950272,5730,2112
709918798883774466,3107,1127
709901256215666688,703,105
709852847387627521,3654,1265
709566166965075968,3687,1274
709556954897764353,3433,1125
709519240576036864,1549,253
709449600415961088,2320,612
709409458133323776,2722,732
709225125749587968,2507,606
709207347839836162,13125,6189
709198395643068416,2516,676
709179584944730112,2095,710
709158332880297985,2125,446
709042156699303936,4954,1738
708853462201716736,1864,695
708845821941387268,3107,950
708834316713893888,1765,535
708810915978854401,17198,7360
708738143638450176,2859,864
708711088997666817,2660,766
708479650088034305,2657,713
708469915515297792,3217,867
708400866336894977,16685,10730
708356463048204288,3762,1412
708349470027751425,2448,781
708149363256774660,4456,1631
708130923141795840,3525,887
708119489313951744,2793,1039
708109389455101952,2015,575
708026248782585858,4551,2028
707995814724026368,3265,1189
707983188426153984,51,2
707969809498152960,2813,1027
707776935007539200,3423,1003
707741517457260545,2604,647
707738799544082433,4279,2626
707693576495472641,3587,1063
707629649552134146,2689,935
707610948723478529,17690,6801
707420581654872064,2374,731
707411934438625280,2382,631
707387676719185920,3652,1377
707377100785885184,3424,1145
707315916783140866,2580,679
707297311098011648,2886,841
707059547140169728,2694,716
707038192327901184,2286,843
707021089608753152,4248,1450
707014260413456384,2406,629
706904523814649856,15223,8314
706901761596989440,2151,636
706681918348251136,3468,1024
706644897839910912,2689,1159
706593038911545345,2247,666
706538006853918722,3601,1495
706516534877929472,3229,1097
706346369204748288,3599,976
706310011488698368,22326,8465
706291001778950144,1775,496
706265994973601792,2855,975
706169069255446529,4074,2359
706166467411222528,5369,1707
706153300320784384,1547,407
705975130514706432,3235,781
705970349788291072,3277,943
705898680587526145,2475,591
705786532653883392,2032,556
705591895322394625,3309,1221
705475953783398401,3085,976
705442520700944385,4641,1741
705428427625635840,3984,1791
705239209544720384,3123,792
705223444686888960,2687,856
705102439679201280,2242,539
705066031337840642,2265,638
704871453724954624,4446,1176
704859558691414016,2352,580
704847917308362754,5326,1629
704819833553219584,2750,1056
704761120771465216,6912,3074
704499785726889984,3062,1061
704491224099647488,796,84
704480331685040129,3541,1120
704364645503647744,8378,3769
704347321748819968,1660,367
704134088924532736,1576,496
704113298707505153,1935,593
704054845121142784,3045,965
703774238772166656,1916,493
703769065844768768,3431,1204
703631701117943808,2708,727
703611486317502464,4025,1603
703425003149250560,3962,1457
703407252292673536,2561,737
703382836347330562,3662,1200
703356393781329922,1999,409
703268521220972544,2054,577
703079050210877440,7730,3295
703041949650034688,27552,13303
702932127499816960,2701,763
702899151802126337,1682,480
702684942141153280,3366,1149
702671118226825216,2300,598
702598099714314240,12734,3638
702539513671897089,2998,1012
702332542343577600,3335,1653
702321140488925184,3430,1096
702276748847800320,2578,812
702217446468493312,5011,1419
701981390485725185,3602,1053
701952816642965504,3986,1082
701889187134500865,3701,1458
701805642395348998,3586,1797
701601587219795968,2182,484
701570477911896070,2939,989
701545186879471618,2777,651
701214700881756160,12756,5434
700890391244103680,2313,609
700864154249383937,2705,651
700847567345688576,2537,529
700796979434098688,2541,1014
700747788515020802,23863,9924
700518061187723268,2757,850
700505138482569216,2381,602
700462010979500032,4324,1909
700167517596164096,2762,791
700151421916807169,2337,705
700143752053182464,7862,2913
700062718104104960,2760,739
700029284593901568,2159,620
700002074055016451,3461,1426
699801817392291840,3197,1016
699788877217865730,2339,528
699779630832685056,2889,1319
699775878809702401,2044,641
699691744225525762,10708,4882
699446877801091073,6205,2773
699434518667751424,2262,537
699423671849451520,1434,349
699413908797464576,2163,652
699370870310113280,1965,463
699323444782047232,3306,916
699088579889332224,2337,667
699079609774645248,2560,695
699072405256409088,3142,1261
699060279947165696,3951,1917
699036661657767936,2721,1268
698989035503689728,3527,1043
698953797952008193,2823,958
698907974262222848,2649,660
698710712454139905,2583,724
698703483621523456,1517,402
698635131305795584,1346,361
698549713696649216,2427,655
698355670425473025,1953,480
698342080612007937,2365,1005
698262614669991936,4961,2133
698195409219559425,17514,6322
698178924120031232,2927,787
697995514407682048,1602,354
697990423684476929,3434,1374
697943111201378304,2503,727
697881462549430272,3149,1264
697630435728322560,1826,572
697616773278015490,3303,1073
697596423848730625,3165,1337
697575480820686848,2135,529
697516214579523584,2173,1200
697482927769255936,2525,712
697463031882764288,3560,1463
697270446429966336,4884,1977
697259378236399616,3431,1053
697255105972801536,3150,1229
697242256848379904,2629,707
696900204696625153,3332,1085
696894894812565505,2440,713
696886256886657024,5063,1905
696877980375769088,2548,753
696754882863349760,1543,377
696744641916489729,2159,992
696713835009417216,2478,682
696518437233913856,4072,1802
696490539101908992,1273,154
696488710901260288,2653,1093
696405997980676096,3352,1210
696100768806522880,2022,705
695816827381944320,3146,1238
695794761660297217,3331,829
695767669421768709,1958,791
695629776980148225,4768,2225
695446424020918272,4562,1924
695409464418041856,9038,3797
695314793360662529,3800,1557
695095422348574720,2755,654
695074328191332352,2973,1176
695064344191721472,1679,637
695051054296211456,2783,836
694925794720792577,2817,970
694905863685980160,2881,989
694669722378485760,37365,15360
694356675654983680,1574,305
694352839993344000,2133,660
694342028726001664,1650,515
694329668942569472,2096,532
694206574471057408,4373,2157
694183373896572928,3080,986
694001791655137281,3550,1093
693993230313091072,1958,429
693942351086120961,1809,390
693647888581312512,2823,626
693644216740769793,1405,134
693642232151285760,2652,440
693629975228977152,2560,847
693622659251335168,1618,390
693590843962331137,5293,2097
693582294167244802,1718,270
693486665285931008,1862,669
693280720173801472,3518,1314
693267061318012928,2498,866
693262851218264065,2333,531
693231807727280129,2996,778
693155686491000832,8243,3395
693109034023534592,1800,652
693095443459342336,1959,490
692919143163629568,2788,793
692905862751522816,2554,929
692901601640583168,1869,644
692894228850999298,2383,860
692828166163931137,3019,934
692752401762250755,7148,3859
692568918515392513,4552,1631
692535307825213440,3347,1441
692530551048294401,1933,441
692423280028966913,1545,243
692417313023332352,9760,3695
692187005137076224,2641,868
692158366030913536,2249,844
692142790915014657,1718,416
692041934689402880,3559,1352
692017291282812928,2995,1010
691820333922455552,4137,1760
691793053716221953,8480,4466
691756958957883396,3023,1088
691675652215414786,2035,537
691483041324204033,2481,598
691459709405118465,4248,1224
691444869282295808,2778,895
691416866452082688,20198,8139
691321916024623104,2690,702
691096613310316544,3091,938
691090071332753408,1790,357
690989312272396288,6171,3045
690959652130045952,3760,1336
690938899477221376,4315,2113
690932576555528194,3435,1086
690735892932222976,3950,1356
690728923253055490,2269,550
690690673629138944,2432,849
690649993829576704,1367,296
690607260360429569,304,17
690597161306841088,2051,639
690400367696297985,1958,480
690374419777196032,3414,913
690360449368465409,2762,948
690348396616552449,1574,548
690248561355657216,1754,438
690021994562220032,2919,1101
690015576308211712,2628,788
690005060500217858,3838,1794
689999384604450816,1494,396
689993469801164801,1532,481
689977555533848577,1433,475
689905486972461056,2539,735
689877686181715968,3168,1257
689835978131935233,2258,799
689661964914655233,3352,988
689659372465688576,10828,4120
689623661272240129,2334,682
689599056876867584,12159,5887
689557536375177216,2141,489
689517482558820352,3555,1523
689289219123089408,2360,996
689283819090870273,3440,1175
689280876073582592,2085,756
689275259254616065,1213,260
689255633275777024,2675,1153
689154315265683456,3211,1068
689143371370250240,2115,545
688916208532455424,2862,926
688908934925697024,2211,823
688898160958271489,2203,841
688894073864884227,2339,738
688828561667567616,1447,397
688804835492233216,1007,206
688789766343622656,2323,704
688547210804498433,2737,745
688519176466644993,2421,780
688385280030670848,9708,4734
688211956440801280,2331,882
688179443353796608,2210,620
688116655151435777,2956,829
688064179421470721,1809,381
687841446767013888,5724,2689
687826841265172480,2853,1196
687818504314159109,2620,1009
687807801670897665,2505,745
687732144991551489,1846,699
687704180304273409,2551,885
687664829264453632,2026,541
687494652870668288,1992,610
687480748861947905,1668,258
687476254459715584,2067,564
687460506001633280,2145,576
687399393394311168,1979,664
687317306314240000,21001,9713
687312378585812992,4560,2020
687127927494963200,5715,2436
687124485711986689,2266,533
687109925361856513,6081,2619
687102708889812993,2445,1051
687096057537363968,2349,644
686947101016735744,9018,3380
686760001961103360,3682,1462
686749460672679938,3632,1551
686730991906516992,4340,1276
686683045143953408,2939,853
686618349602762752,3863,1451
686606069955735556,1981,580
686394059078897668,1826,720
686386521809772549,3408,934
686377065986265092,2320,599
686358356425093120,2304,724
686286779679375361,4189,1772
686050296934563840,2308,776
686035780142297088,1211,129
686034024800862208,3263,1239
686007916130873345,2599,449
686003207160610816,1910,677
685973236358713344,2209,558
685943807276412928,1704,640
685906723014619143,7868,3100
685681090388975616,2127,134
685667379192414208,2449,608
685663452032069632,3406,1561
685641971164143616,3073,831
685547936038666240,34504,16705
685532292383666176,3183,1228
685325112850124800,9919,4238
685321586178670592,2767,684
685315239903100929,3504,1149
685307451701334016,2166,467
685268753634967552,3235,1282
685198997565345792,2435,706
685169283572338688,4285,1511
684969860808454144,2473,402
684959798585110529,7124,3333
684940049151070208,3368,1110
684926975086034944,3665,496
684914660081053696,3670,1559
684902183876321280,1967,566
684880619965411328,2206,871
684830982659280897,36632,23004
684800227459624960,2837,1060
684594889858887680,9343,3763
684588130326986752,4308,1495
684567543613382656,3146,1309
684538444857667585,2769,1014
684481074559381504,4053,1242
684460069371654144,2075,590
684241637099323392,8526,3521
684225744407494656,1291,227
684222868335505415,4011,1465
684200372118904832,2262,1096
684195085588783105,2007,552
684188786104872960,3643,1252
684177701129875456,2111,717
684147889187209216,3115,1592
684122891630342144,2088,503
684097758874210310,4295,1532
683857920510050305,3981,1189
683852578183077888,2017,372
683849932751646720,2743,1043
683834909291606017,2742,1184
683828599284170753,2926,1128
683773439333797890,3498,1445
683742671509258241,6799,3541
683515932363329536,7705,3108
683498322573824003,3321,1024
683481228088049664,2761,1061
683462770029932544,2540,712
683449695444799489,4072,1716
683391852557561860,7966,2537
683357973142474752,3071,998
683142553609318400,3020,1110
683111407806746624,3554,972
683098815881154561,2268,704
683078886620553216,2075,600
683030066213818368,2254,776
682962037429899265,38656,17766
682808988178739200,1854,193
682788441537560576,2582,1188
682750546109968385,1589,463
682697186228989953,1371,381
682662431982772225,3184,1151
682638830361513985,2150,644
682429480204398592,3590,1243
682406705142087680,7940,1878
682393905736888321,2345,728
682389078323662849,1738,496
682303737705140231,3218,1066
682259524040966145,4359,1289
682242692827447297,3404,1257
682088079302213632,19125,10537
682059653698686977,5186,1796
682047327939461121,3351,1028
682032003584274432,6883,2144
682003177596559360,3293,1636
681981167097122816,2917,1097
681891461017812993,2574,879
681694085539872773,13357,4314
681679526984871937,1843,479
681654059175129088,2754,987
681610798867845120,1995,504
681579835668455424,3704,1384
681523177663676416,14967,6184
681340665377193984,1716,297
681339448655802368,9718,4332
681320187870711809,2769,805
681302363064414209,4117,1948
681297372102656000,3342,1018
681281657291280384,3362,1173
681261549936340994,1517,291
681242418453299201,1562,573
681231109724700672,2505,515
681193455364796417,3878,1582
680970795137544192,2539,710
680959110691590145,4757,2131
680940246314430465,3365,1124
680934982542561280,2166,467
680913438424612864,2496,659
680889648562991104,1840,388
680836378243002368,3613,1415
680805554198020098,2261,705
680801747103793152,2470,878
680798457301471234,2985,1111
680609293079592961,2755,756
680583894916304897,3790,1433
680497766108381184,4424,2030
680494726643068929,1791,510
680473011644985345,2661,794
680440374763077632,1518,536
680221482581123072,1519,306
680206703334408192,2969,1254
680191257256136705,2238,537
680176173301628928,4066,1668
680161097740095489,2425,782
680145970311643136,3780,1860
680130881361686529,2385,1013
680115823365742593,2828,965
680100725817409536,3723,1453
680085611152338944,13355,9509
680070545539371008,2687,934
679877062409191424,2056,686
679872969355714560,2276,709
679862121895714818,2562,663
679854723806179328,2992,1310
679844490799091713,2477,812
679828447187857408,37816,14932
679777920601223168,3211,1187
679736210798047232,2179,843
679729593985699840,2258,871
679722016581222400,1731,497
679530280114372609,4967,2203
679527802031484928,2760,768
679511351870550016,3512,1349
679503373272485890,3280,1567
679475951516934144,2182,681
679462823135686656,33067,20029
679405845277462528,2473,1276
679158373988876288,22360,8602
679148763231985668,2882,1096
679132435750195208,3083,1232
679111216690831360,6199,2716
679062614270468097,17770,8719
679047485189439488,2342,721
679001094530465792,2938,1310
678991772295516161,2419,1251
678969228704284672,1711,489
678800283649069056,2683,957
678798276842360832,3614,1259
678774928607469569,2908,972
678767140346941444,3677,1452
678764513869611008,1703,504
678755239630127104,7416,3511
678740035362037760,3910,1801
678708137298427904,5787,2572
678675843183484930,2987,1570
678643457146150913,2138,448
678446151570427904,4155,1662
678424312106393600,5625,2689
678410210315247616,4401,1933
678399652199309312,82235,33667
678396796259975168,1656,444
678389028614488064,1943,444
678380236862578688,2533,964
678341075375947776,1796,569
678334497360859136,1351,275
678278586130948096,11901,6430
678255464182861824,1644,394
678023323247357953,2003,406
678021115718029313,14287,6749
677961670166224897,3544,1781
677918531514703872,1400,433
677895101218201600,5012,2226
677716515794329600,3166,1022
677700003327029250,3514,1528
677698403548192770,1272,336
677687604918272002,2569,892
677673981332312066,3461,1581
677662372920729601,2022,1025
677644091929329666,1935,840
677573743309385728,2222,765
677565715327688705,1339,483
677557565589463040,2527,1228
677547928504967168,7177,3844
677530072887205888,1114,239
677335745548390400,3143,1885
677334615166730240,1404,310
677331501395156992,1134,248
677328882937298944,3763,1579
677314812125323265,1697,566
677301033169788928,1283,433
677269281705472000,2070,743
677228873407442944,3666,1728
677187300187611136,2819,975
676975532580409345,2872,1129
676957860086095872,2290,850
676949632774234114,1346,420
676948236477857792,2246,918
676946864479084545,1766,398
676942428000112642,2141,798
676936541936185344,13135,5168
676916996760600576,3061,1891
676897532954456065,2331,761
676864501615042560,2170,746
676821958043033607,23835,16445
676819651066732545,1863,699
676811746707918848,1458,445
676776431406465024,5159,2105
676617503762681856,2995,1033
676613908052996102,1124,206
676606785097199616,1941,459
676603393314578432,1204,405
676593408224403456,4720,2268
676590572941893632,945,133
676588346097852417,2404,840
676582956622721024,1245,291
676575501977128964,2676,1178
676533798876651520,1939,583
676496375194980353,1564,560
676470639084101634,11967,4902
676440007570247681,1774,695
676430933382295552,1441,362
676263575653122048,2139,578
676237365392908289,1264,308
676219687039057920,77170,32499
676215927814406144,1791,613
676191832485810177,2348,1078
676146341966438401,1980,700
676121918416756736,2218,1216
676101918813499392,2899,1214
676098748976615425,3095,1511
676089483918516224,1356,451
675898130735476737,1677,598
675891555769696257,2192,908
675888385639251968,2445,1004
675878199931371520,4289,1459
675870721063669760,1686,599
675853064436391936,2766,1358
675849018447167488,968,156
675845657354215424,2348,930
675822767435051008,1566,559
675820929667219457,1080,240
675798442703122432,10527,3540
675781562965868544,1663,495
675740360753160193,1201,363
675710890956750848,1940,864
675707330206547968,2035,727
675706639471788032,663,102
675534494439489536,1868,436
675531475945709568,1216,404
675522403582218240,1070,298
675517828909424640,1334,477
675501075957489664,17584,6062
675497103322386432,3223,1354
675489971617296384,1339,623
675483430902214656,1895,1018
675432746517426176,1564,594
675372240448454658,1739,531
675362609739206656,1078,238
675354435921575936,33661,17942
675349384339542016,4013,2352
675334060156301312,2852,1349
675166823650848770,3705,1680
675153376133427200,6443,2725
675149409102012420,3833,1754
675147105808306176,966,251
675146535592706048,1224,327
675145476954566656,2189,941
675135153782571009,1327,513
675113801096802304,1995,815
675111688094527488,986,264
675109292475830276,2870,1181
675047298674663426,1088,342
675015141583413248,2782,1249
675006312288268288,1009,236
675003128568291329,1593,490
674999807681908736,2297,1143
674805413498527744,880,368
674800520222154752,3071,892
674793399141146624,2560,1133
674790488185167872,1132,260
674788554665512960,829,218
674781762103414784,2045,1253
674774481756377088,1149,494
674767892831932416,1866,820
674764817387900928,800,247
674754018082705410,1393,466
674752233200820224,1492,484
674743008475090944,1435,576
674742531037511680,499,53
674739953134403584,1135,410
674737130913071104,661,96
674690135443775488,1173,484
674670581682434048,1644,677
674664755118911488,945,264
674646392044941312,1466,518
674644256330530816,1051,277
674638615994089473,1718,602
674632714662858753,1535,599
674606911342424069,957,102
674468880899788800,6354,2133
674447403907457024,1087,368
674436901579923456,1136,408
674422304705744896,1464,556
674416750885273600,698,146
674410619106390016,1225,482
674394782723014656,1528,595
674372068062928900,865,322
674330906434379776,573,76
674318007229923329,1444,532
674307341513269249,11556,7203
674291837063053312,15025,6100
674271431610523648,1598,754
674269164442398721,919,232
674265582246694913,1675,878
674262580978937856,1328,468
674255168825880576,1495,575
674082852460433408,770,176
674075285688614912,995,298
674063288070742018,6483,2287
674053186244734976,3387,1343
674051556661161984,1471,499
674045139690631169,1443,658
674042553264685056,735,132
674038233588723717,1125,425
674036086168010753,862,221
674024893172875264,1817,1267
674019345211760640,1154,309
674014384960745472,1590,668
674008982932058114,1218,366
673956914389192708,1983,998
673919437611909120,1188,378
673906403526995968,3242,1667
673887867907739649,947,257
673716320723169284,3126,784
673715861853720576,3604,2155
673711475735838725,1055,304
673709992831262724,862,284
673708611235921920,1093,299
673707060090052608,1110,404
673705679337693185,1276,411
673700254269775872,1459,591
673697980713705472,3865,2015
673689733134946305,1764,667
673688752737402881,1282,506
673686845050527744,1465,451
673680198160809984,1392,481
673662677122719744,1274,370
673656262056419329,727,248
673636718965334016,1129,371
673612854080196609,1614,741
673583129559498752,1211,378
673580926094458881,849,275
673576835670777856,1408,577
673363615379013632,1039,312
673359818736984064,1479,689
673355879178194945,1512,597
673352124999274496,1678,550
673350198937153538,755,218
673345638550134785,2562,1316
673343217010679808,985,278
673342308415348736,1294,603
673320132811366400,13681,8180
673317986296586240,882,266
673295268553605120,7634,3251
673270968295534593,1080,378
673240798075449344,1437,751
673213039743795200,2287,870
673148804208660480,1716,649
672997845381865473,1998,739
672995267319328768,974,307
672988786805112832,994,301
672984142909456390,1267,558
672980819271634944,1839,1031
672975131468300288,1708,938
672970152493887488,958,365
672968025906282496,1330,559
672964561327235073,1436,657
672902681409806336,1386,518
672898206762672129,914,432
672884426393653248,1574,852
672877615439593473,1046,380
672834301050937345,1330,584
672828477930868736,1268,505
672640509974827008,984,329
672622327801233409,1312,507
672614745925664768,1236,599
672609152938721280,1129,398
672604026190569472,1129,409
672594978741354496,1344,622
672591762242805761,963,342
672591271085670400,743,189
672538107540070400,1044,376
672523490734551040,649,175
672488522314567680,1127,450
672482722825261057,1151,620
672481316919734272,725,128
672475084225949696,1449,716
672466075045466113,1369,552
672272411274932228,6539,3477
672267570918129665,1524,629
672264251789176834,1155,346
672256522047614977,2847,1595
672254177670729728,1451,761
672248013293752320,1743,625
672245253877968896,698,162
672239279297454080,908,329
672231046314901505,1858,1041
672222792075620352,794,216
672205392827572224,2286,1184
672169685991993344,1034,377
672160042234327040,882,366
672139350159835138,1769,733
672125275208069120,2437,1168
672095186491711488,1009,375
672082170312290304,953,375
672068090318987265,1306,526
671896809300709376,8576,4258
671891728106971137,1346,585
671882082306625538,3505,1409
671879137494245376,1441,700
671874878652489728,1261,571
671866342182637568,1134,514
671855973984772097,916,457
671789708968640512,7139,3575
671768281401958400,1209,539
671763349865160704,1706,946
671744970634719232,1361,789
671743150407421952,750,237
671735591348891648,1472,776
671729906628341761,8612,4458
671561002136281088,12978,7398
671550332464455680,928,212
671547767500775424,1364,611
671544874165002241,2010,1072
671542985629241344,1102,577
671538301157904385,938,404
671536543010570240,1194,420
671533943490011136,1032,591
671528761649688577,851,265
671520732782923777,1417,538
671518598289059840,966,298
671511350426865664,1630,741
671504605491109889,7121,3625
671497587707535361,928,454
671488513339211776,1024,479
671486386088865792,584,209
671485057807351808,768,236
671390180817915904,1439,749
671362598324076544,1124,300
671357843010908160,405,150
671355857343524864,485,116
671347597085433856,966,439
671186162933985280,746,218
671182547775299584,1141,352
671166507850801152,886,360
671163268581498880,1683,1134
671159727754231808,377,84
671154572044468225,723,225
671151324042559489,680,158
671147085991960577,683,231
671141549288370177,1179,670
671138694582165504,941,414
671134062904504320,759,199
671122204919246848,3541,2583
671115716440031232,1379,793
671109016219725825,1159,450
670995969505435648,1117,299
670842764863651840,24879,8936
670840546554966016,602,198
670838202509447168,1129,711
670833812859932673,454,128
670832455012716544,744,224
670826280409919488,5621,4150
670823764196741120,788,197
670822709593571328,620,99
670815497391357952,3209,1574
670811965569282048,1144,275
670807719151067136,1171,501
670804601705242624,1991,981
670803562457407488,347,88
670797304698376195,744,243
670792680469889025,839,285
670789397210615808,671,246
670786190031921152,609,205
670783437142401025,832,405
670782429121134593,1589,791
670780561024270336,792,296
670778058496974848,329,74
670764103623966721,1086,432
670755717859713024,447,114
670733412878163972,976,524
670727704916926465,833,369
670717338665226240,1223,507
670704688707301377,774,380
670691627984359425,597,249
670679630144274432,757,290
670676092097810432,252,44
670668383499735048,10843,5160
670474236058800128,1548,778
670468609693655041,357,86
670465786746662913,978,564
670452855871037440,555,213
670449342516494336,1206,683
670444955656130560,6799,2028
670442337873600512,648,202
670435821946826752,1066,529
670434127938719744,1423,661
670433248821026816,330,115
670428280563085312,1401,646
670427002554466305,524,167
670421925039075328,1326,649
670420569653809152,634,322
670417414769758208,575,325
670411370698022913,2047,921
670408998013820928,562,230
670403879788544000,439,161
670385711116361728,567,217
670374371102445568,754,277
670361874861563904,331,69
670338931251150849,429,113
670319130621435904,3905,1247
670303360680108032,431,139
670290420111441920,714,293
670093938074779648,1039,343
670086499208155136,707,260
670079681849372674,2245,1272
670073503555706880,1593,809
670069087419133954,634,249
670061506722140161,775,350
670055038660800512,678,338
670046952931721218,652,181
670040295598354432,767,115
670037189829525505,595,285
670003130994700288,337,95
669993076832759809,328,86
669972011175813120,451,166
669970042633789440,305,62
669942763794931712,511,168
669926384437997569,380,106
669923323644657664,237,58
669753178989142016,823,411
669749430875258880,270,67
669684865554620416,525,91
669683899023405056,392,113
669682095984410625,355,136
669680153564442624,679,296
669661792646373376,812,450
669625907762618368,3573,1854
669603084620980224,956,370
669597912108789760,518,154
669583744538451968,1510,946
669573570759163904,441,144
669571471778410496,1607,1040
669567591774625800,239,58
669564461267722241,390,128
669393256313184256,372,79
669375718304980992,1355,750
669371483794317312,505,185
669367896104181761,472,162
669363888236994561,631,235
669359674819481600,374,127
669354382627049472,2744,1299
669353438988365824,652,266
669351434509529089,445,192
669328503091937280,1026,425
669327207240699904,583,119
669324657376567296,503,213
669216679721873412,1203,413
669214165781868544,444,171
669203728096960512,1014,489
669037058363662336,664,321
669015743032369152,753,381
669006782128353280,584,257
669000397445533696,21121,6510
668994913074286592,446,236
668992363537309700,750,355
668989615043424256,688,335
668988183816871936,902,481
668986018524233728,563,172
668981893510119424,543,316
668979806671884288,802,356
668975677807423489,1324,594
668967877119254528,148,25
668960084974809088,712,244
668955713004314625,284,73
668932921458302977,267,59
668902994700836864,321,103
668892474547511297,399,154
668872652652679168,533,307
668852170888998912,458,171
668826086256599040,441,141
668815180734689280,579,278
668779399630725120,711,379
668655139528511488,541,222
668645506898350081,904,545
668643542311546881,891,541
668641109086707712,1089,549
668636665813057536,1055,500
668633411083464705,2850,1685
668631377374486528,727,325
668627278264475648,322,118
668625577880875008,393,138
668623201287675904,1448,790
668620235289837568,205,44
668614819948453888,619,321
668587383441514497,1685,1099
668567822092664832,248,57
668544745690562560,525,232
668542336805281792,467,220
668537837512433665,254,77
668528771708952576,465,232
668507509523615744,330,111
668496999348633600,419,135
668484198282485761,433,240
668480044826800133,467,152
668466899341221888,890,526
668297328638447616,626,302
668291999406125056,248,32
668286279830867968,508,141
668274247790391296,832,235
668268907921326080,561,243
668256321989451776,1318,631
668248472370458624,1004,500
668237644992782336,6271,2903
668226093875376128,303,105
668221241640230912,514,202
668204964695683073,557,200
668190681446379520,660,199
668171859951755264,499,201
668154635664932864,502,322
668142349051129856,572,290
668113020489474048,671,247
667937095915278337,1277,804
667924896115245057,305,113
667915453470232577,209,57
667911425562669056,494,309
667902449697558528,858,381
667886921285246976,1901,1112
667885044254572545,826,498
667878741721415682,394,122
667873844930215936,631,414
667866724293877760,3023,1048
667861340749471744,244,78
667832474953625600,291,63
667806454573760512,1062,503
667801013445750784,329,97
667793409583771648,705,335
667782464991965184,408,246
667773195014021121,237,57
667766675769573376,445,220
667728196545200128,378,152
667724302356258817,485,323
667550904950915073,0,35
667550882905632768,0,33
667549055577362432,5831,2314
667546741521195010,337,126
667544320556335104,872,531
667538891197542400,205,66
667534815156183040,821,548
667530908589760512,472,242
667524857454854144,1707,1121
667517642048163840,367,193
667509364010450944,6812,2152
667502640335572993,535,221
667495797102141441,520,274
667491009379606528,532,231
667470559035432960,258,100
667455448082227200,190,60
667453023279554560,313,91
667443425659232256,781,583
667437278097252352,448,240
667435689202614272,305,84
667405339315146752,467,221
667393430834667520,194,57
667369227918143488,365,164
667211855547486208,492,243
667200525029539841,615,261
667192066997374976,384,108
667188689915760640,743,418
667182792070062081,14366,6250
667177989038297088,191,55
667176164155375616,609,464
667174963120574464,245,84
667171260800061440,221,91
667165590075940865,2692,1146
667160273090932737,256,62
667152164079423490,47804,17188
667138269671505920,4603,2217
667119796878725120,329,128
667090893657276420,330,127
667073648344346624,402,121
667070482143944705,81,14
667065535570550784,165,48
667062181243039745,215,54
667044094246576128,182,51
667012601033924608,443,225
666996132027977728,243,94
666983947667116034,2542,984
666837028449972224,816,554
666835007768551424,214,80
666826780179869698,253,97
666817836334096384,516,251
666804364988780544,239,93
666786068205871104,757,484
666781792255496192,385,192
666776908487630848,347,174
666739327293083650,235,66
666701168228331520,427,219
666691418707132416,186,47
666649482315059201,1112,620
666644823164719104,228,80
666454714377183233,515,208
666447344410484738,103,20
666437273139982337,123,47
666435652385423360,163,53
666430724426358785,310,195
666428276349472768,163,82
666421158376562688,313,111
666418789513326592,122,45
666411507551481857,435,322
666407126856765440,105,40
666396247373291520,162,83
666373753744588802,182,89
666362758909284353,760,561
666353288456101888,215,71
666345417576210432,286,132
666337882303524864,191,90
666293911632134144,489,344
666287406224695296,144,64
666273097616637952,171,76
666268910803644416,100,35
666104133288665088,14052,6399
666102155909144576,78,11
666099513787052032,151,66
666094000022159362,162,72
666082916733198337,114,44
666073100786774016,315,159
666071193221509120,143,58
666063827256086533,466,213
666058600524156928,109,57
666057090499244032,290,138
666055525042405380,429,235
666051853826850816,1200,831
666050758794694657,130,59
666049248165822465,106,43
666044226329800704,293,138
666033412701032449,123,43
666029285002620928,125,47
666020888022790149,2532,499
